{
 "cells": [
  {
   "cell_type": "markdown",
   "id": "1086f8f9",
   "metadata": {},
   "source": [
    "# Comparing calibration measures Julia vs. Python"
   ]
  },
  {
   "cell_type": "markdown",
   "id": "66d0d509",
   "metadata": {},
   "source": [
    "## Results from Julia"
   ]
  },
  {
   "cell_type": "code",
   "execution_count": null,
   "id": "cd14ea1f",
   "metadata": {},
   "outputs": [],
   "source": [
    "from matplotlib import pyplot as plt\n",
    "import pandas as pd\n",
    "import seaborn as sns\n",
    "sns.set_style('white')\n",
    "sns.set_context(\"paper\", font_scale = 2)\n",
    "plt.rcParams['figure.figsize'] = [10, 7]\n",
    "plt.rcParams['figure.dpi'] = 300\n",
    "\n",
    "d = {\"train_block-unbiased-skce\" : 0.00554131,\n",
    "  \"train_ece-l2\"              : 0.0410817,\n",
    "  \"train_nll\"                 : -0.160586,\n",
    "  \"val_biased-skce\"           : -0.000648136,\n",
    "  \"val_ece-medvar\"            : 0.0590607,\n",
    "  \"val_brier\"                 : 0.0799662,\n",
    "  \"val_block-unbiased-skce\"   : 0.0164687,\n",
    "  \"train_ece-medvar\"          : 0.0344445,\n",
    "  \"train_biased-skce\"         : 0.000165889,\n",
    "  \"train_ece-medvarl2\"        : 0.00853301,\n",
    "  \"val_ece-medvarl2\"          : 0.0148366,\n",
    "  \"val_ece-bin\"               : 0.0865292,\n",
    "  \"val_nll\"                   : -0.15223,\n",
    "  \"train_ece-bin\"             : 0.0509908,\n",
    "  \"train_unbiased-skce\"       : -0.000208677,\n",
    "  \"train_brier\"               : 0.0870653\n",
    "  }"
   ]
  },
  {
   "cell_type": "code",
   "execution_count": null,
   "id": "6ce4a57c",
   "metadata": {},
   "outputs": [],
   "source": [
    "df = pd.DataFrame.from_dict([d])\n",
    "df\n",
    "\n",
    "transposed = df.transpose().sort_index(ascending=False)\n",
    "transposed.plot(kind=\"barh\", legend=\"upperleft\")\n",
    "#plt.legend(bbox_to_anchor=(1.05, 1), loc=2, borderaxespad=0.,frameon=False,fontsize=\"small\")\n",
    "plt.xlabel(\"value\")\n",
    "plt.tight_layout()\n",
    "plt.savefig(\"penguins-metrics\"+\".png\")\n",
    "\n",
    "transposed.columns = [\"value\"]\n",
    "transposed[\"index\"] = transposed.index\n",
    "transposed[\"set\"] = transposed[\"index\"].apply(lambda x: \"val\" if \"val\" in x else \"train\")\n",
    "transposed"
   ]
  },
  {
   "cell_type": "code",
   "execution_count": null,
   "id": "7b661209",
   "metadata": {},
   "outputs": [],
   "source": [
    "#two rows; for train and val\n",
    "transposed.melt(id_vars=[\"index\",\"set\"])"
   ]
  },
  {
   "cell_type": "markdown",
   "id": "9fe631db",
   "metadata": {},
   "source": [
    "# Palmerpingus probs"
   ]
  },
  {
   "cell_type": "code",
   "execution_count": 52,
   "id": "5d2ed35d",
   "metadata": {},
   "outputs": [],
   "source": [
    "import pickle\n",
    "import numpy as np\n",
    "# train_probs = pickle.load(open(\"train_probs.pickle\",\"rb\"))\n",
    "# train_species = pickle.load(open(\"train_species.pickle\",\"rb\"))\n",
    "# val_species = pickle.load(open(\"val_species.pickle\",\"rb\"))\n",
    "# val_probs = pickle.load(open(\"val_probs.pickle\",\"rb\"))\n",
    "train_probs = [[0.9986575306199339,1.8261261676510452e-8,0.0013424511188044634],[0.9968568537263051,5.281042831013286e-7,0.0031426181694118463],[0.9828625392017067,0.00023667131370660563,0.016900789484586596],[0.9995044731369639,3.326496093439393e-6,0.0004922003669426153],[0.9961875542543643,4.847279587250266e-6,0.0038075984660484474],[0.9941906032997796,8.752621377388526e-5,0.005721870486446531],[0.9889535180962569,2.124977850776324e-7,0.011046269405958077],[0.9978340479202242,4.773727549672417e-6,0.002161178352225998],[0.9998253495368173,1.4125362673247638e-5,0.0001605251005095151],[0.9997930565199306,2.5587802946897943e-8,0.00020691789226653766],[0.9963832486967251,5.653684317401169e-5,0.003560214460100892],[0.8093558262577958,0.005649824922933275,0.184994348819271],[0.07450367659965523,0.004370350219659188,0.9211259731806856],[0.9997811718447093,8.707621018791416e-11,0.0002188280682145465],[0.9996634459395215,3.0266372830925153e-9,0.00033655103384127146],[0.9998278087564462,1.6603951005820455e-7,0.0001720252040437032],[0.9991645172755967,9.320388695628876e-8,0.0008353895205164315],[0.9990778018020895,7.67791656341684e-9,0.0009221905199938569],[0.9999111655161579,3.23806199270352e-8,8.880210322220788e-5],[0.9928173288117406,2.405220573033004e-7,0.007182430666202246],[0.999797196549274,2.8081493798781916e-11,0.00020280342264462475],[0.9950585628563375,3.593264308085956e-8,0.004941401211019426],[0.9984840412588019,4.2667030891177714e-9,0.0015159544744949233],[0.9998179477067421,6.029734181488437e-10,0.00018205169028448576],[0.9892493180972343,5.834317847146142e-7,0.010750098470981047],[0.9995199006854656,8.699727861937903e-6,0.00047139958667240326],[0.9934963541638582,0.00015863363422313317,0.006345012201918674],[0.9996629894898106,5.097720691556372e-9,0.00033700541246867036],[0.9964978525568594,2.0854395569075612e-7,0.0035019388991849184],[0.9998557802636608,3.896383941203724e-9,0.0001442158399552582],[0.9715691658538892,0.00037637581812625454,0.028054458327984626],[0.9998605044115549,2.9598847637370442e-8,0.0001394659895972594],[0.42003141192313126,0.009039746329206637,0.570928841747662],[0.9997102810275131,3.497003240319955e-8,0.0002896840024545617],[0.9948922475101039,6.343672121658136e-6,0.005101408817774514],[0.9889535180962569,2.124977850776324e-7,0.011046269405958077],[0.9997941168652335,3.253802600922164e-7,0.00020555775450633044],[0.9999050042937265,1.5803600936003533e-7,9.48376702641904e-5],[0.9999509474892546,1.8569271560725613e-8,4.903394147377367e-5],[0.9647926965959338,6.170529662447531e-5,0.03514559810744171],[0.9998683059477208,2.132481059084274e-9,0.0001316919197980796],[0.9988067503946964,1.2365782439191513e-5,0.0011808838228645191],[0.9998999383423286,1.3009498722559805e-8,0.00010004864817254288],[0.9526035187723468,0.000600442616100179,0.046796038611552966],[0.971559809359503,8.410314290186496e-5,0.028356087497595134],[0.9522138720116483,0.00013503247847307265,0.04765109550987847],[0.999765430771189,4.459982278174685e-6,0.00023010924653287627],[0.9807193063836211,7.755021890373489e-6,0.019272938594488587],[0.8911057294264391,0.00550563343228002,0.10338863714128099],[0.9943638581190735,6.944471734216107e-6,0.005629197409192195],[0.07011638394177572,0.019328592399499998,0.9105550236587243],[0.9998610558264812,2.2548649100331591e-7,0.0001387186870278534],[0.7908625574204974,0.0022982193714936932,0.20683922320800902],[0.999819687924457,6.265921872037766e-8,0.0001802494163242394],[0.9999359328070385,6.589631728550158e-8,6.400129664441858e-5],[0.7509425280526688,0.004398246818677877,0.24465922512865337],[0.9998608742550561,1.0178015546877363e-6,0.00013810794338912433],[0.9572509988872797,0.0003325022132351326,0.042416498899485046],[0.9997377014129044,4.076677114392098e-7,0.0002618909193840189],[0.9986550579959655,1.11700296989927e-6,0.0013438250010643197],[0.9974011728230963,3.4059343133006236e-6,0.0025954212425903346],[0.999103020988806,0.0003290535352001044,0.0005679254759938294],[0.7622081795480865,0.14850077848506935,0.08929104196684409],[0.9965327618257745,5.779776258911735e-7,0.0034666601965994605],[0.5065080951496285,0.43258619567372414,0.06090570917664751],[0.9808554582653514,0.00042836932109791264,0.018716172413550714],[0.9999917751925408,3.3303586206878026e-11,8.22477415573777e-6],[0.9998836857760327,5.223225456345249e-7,0.00011579190142160678],[0.9995580215514229,1.8461227885807795e-8,0.00044195998734919515],[0.9985987428070462,8.719450688390317e-6,0.0013925377422655384],[0.9968284946134117,1.9037759394293089e-7,0.003171315008994389],[0.9945079493676828,0.0005582285712745971,0.0049338220610426154],[0.9986452613055796,1.8673042196608357e-6,0.0013528713902007292],[0.9994726018563734,7.713314758291656e-9,0.0005273904303117558],[0.15602536697245079,0.0009490501622425488,0.8430255828653066],[0.992368267629042,4.161113462447612e-5,0.007590121236333466],[0.856199588850982,0.004384847082200309,0.13941556406681757],[0.9943572197625206,1.1529703912974934e-5,0.0056312505335663655],[0.9983896104880373,7.930049842115692e-7,0.0016095965069784198],[0.9998529486211355,1.4331967529635348e-7,0.00014690805918928968],[0.9978967261233437,0.00014494518790055948,0.0019583286887557786],[0.9974350628374956,2.418011941806648e-9,0.0025649347444925436],[0.9999251861453603,1.654943102217746e-8,7.479730520865523e-5],[0.9622955316566039,0.0033199370370265214,0.03438453130636964],[0.9973871355676374,5.675252322605934e-6,0.0026071891800398973],[0.941842814624959,0.000723567120031343,0.057433618255009665],[0.9968417490326065,6.758593462300777e-6,0.0031514923739312936],[0.010837120382459375,0.9193360126059499,0.06982686701159088],[0.9982143544669713,2.4096057949001464e-6,0.0017832359272338227],[0.6803216947071401,0.008932055362664122,0.3107462499301958],[0.9994611616665443,3.595792507151989e-6,0.0005352425409484521],[0.9979505347637362,0.00022289562755908453,0.001826569608704881],[0.9990774315344816,2.846490411217442e-7,0.0009222838164773421],[0.999833987968412,4.4084555677154384e-7,0.0001655711860311375],[0.9702587342136534,0.00415272129330594,0.025588544493040766],[0.9997102810275131,3.497003240319955e-8,0.0002896840024545617],[0.992368267629042,4.161113462447612e-5,0.007590121236333466],[0.9895640488638544,2.6523814800552612e-6,0.010433298754665473],[0.9845494997562236,1.7516167031749065e-5,0.015432984076744451],[0.9992557081312465,2.941279849852936e-6,0.0007413505889034327],[0.9982362885498184,1.856716537418855e-7,0.0017635257785276663],[0.9998115702573186,1.4026501320369331e-8,0.00018841571618023533],[0.999652596945934,6.4355232797572524e-6,0.00034096753078618114],[0.998718635627227,8.026971428202423e-6,0.0012733374013447916],[0.8751877566936632,0.023741769001997877,0.10107047430433898],[6.64030363508027e-11,0.9999818074832958,1.819245030122181e-5],[6.990277562058528e-8,0.9960221607706413,0.003977769326583229],[0.0006517492236011508,0.9078116911079654,0.09153655966843341],[0.0014065649361690974,0.94642454585286,0.052168889210970834],[0.04378524424140772,0.8602045342640513,0.09601022149454091],[0.030175822567348912,0.9616066856399085,0.008217491792742648],[8.683640114903689e-7,0.9914256650611944,0.008573466574794023],[0.000224468011800537,0.9861920671303069,0.013583464857892491],[1.0847307049807168e-5,0.9690808864783456,0.030908266214604727],[0.0015247399298821416,0.9139701067492996,0.0845051533208183],[3.247979396825821e-7,0.9943333781738267,0.005666297028233579],[0.09403084407253949,0.8537115157293772,0.052257640198083335],[3.6264706022898927e-8,0.9990967506497923,0.000903213085501813],[0.0016072169483120355,0.8640462379930169,0.13434654505867116],[3.9459687279858885e-8,0.9994651494872867,0.0005348110530261329],[5.300097204215791e-8,0.9959009539141421,0.00409899308488598],[0.0002004015645229554,0.9916022107358736,0.008197387699603294],[0.0022886972439000587,0.9912669116324068,0.0064443911236930895],[7.4509682807338164e-6,0.9885129781620727,0.011479570869646549],[7.499443554651255e-5,0.8878759921072104,0.11204901345724325],[2.183856655002669e-8,0.9984003095365767,0.0015996686248569269],[0.016139999863516764,0.7284321085437021,0.25542789159278123],[7.417984741655386e-8,0.9985981727326574,0.0014017530874951454],[1.872027333982168e-7,0.9987301036227733,0.0012697091744933266],[4.339829212079268e-5,0.9987442477797855,0.0012123539280937078],[0.03456711168760056,0.8093449143755024,0.15608797393689713],[0.12922582612492292,0.7453371782256225,0.1254369956494546],[2.070467437907837e-9,0.9998420851663958,0.00015791276313666127],[0.0027571348066384896,0.917354493932811,0.0798883712605506],[3.406919057302062e-9,0.9993029129368785,0.0006970836562023772],[0.0003373642022750082,0.9968905693194485,0.002772066478276461],[5.973564843600897e-10,0.9998192065135391,0.0001807928891044019],[0.0008037799685255724,0.9791896266890607,0.020006593342413705],[0.00017845302318011456,0.9915282754966821,0.008293271480137778],[1.6423672169573448e-7,0.9987123149251421,0.0012875208381362207],[0.0034820613991673782,0.9183946367419209,0.07812330185891159],[1.0426219454489828e-9,0.9998298737225971,0.0001701252347810121],[1.1842965533996012e-5,0.996106599019819,0.0038815580146469657],[0.042873988585641225,0.8051763210084861,0.1519496904058727],[6.841185557340642e-6,0.9991200851280491,0.000873073686393612],[0.007902390976473479,0.8108295570671101,0.1812680519564163],[6.530443917563197e-14,0.9999762089381699,2.3791061764992304e-5],[8.589016524884248e-6,0.9985641501616211,0.0014272608218542085],[8.74096364374807e-11,0.9999823428213166,1.7657091273735623e-5],[2.3435504863492196e-10,0.9999737405822401,2.6259183404804707e-5],[6.554121333867676e-5,0.9992373720419117,0.000697086744749691],[1.303690251330979e-6,0.9993797209117786,0.0006189753979701159],[1.1842965533996012e-5,0.996106599019819,0.0038815580146469657],[2.3940524106185586e-5,0.9939155999986594,0.006060459477234494],[4.3779319120336854e-10,0.9999851549628356,1.4844599371051418e-5],[0.000314911514835167,0.8444865093868851,0.15519857909827986],[4.661165651272969e-9,0.998106074190794,0.0018939211480402168],[0.00017845302318011456,0.9915282754966821,0.008293271480137778],[3.372466962766093e-10,0.9984905066566384,0.0015094930061149215],[2.137739209367688e-9,0.9997375755138387,0.0002624223484220721],[6.89489446146341e-11,0.9999502498776849,4.9750053366252006e-5],[3.3212187103807903e-12,0.9999746935122483,2.530648443029691e-5],[9.096517267849855e-12,0.9999377395963314,6.2260394572014e-5],[0.0007096349949663239,0.96555004858032,0.03374031642471368],[4.235609072045065e-9,0.9997563269922206,0.000243668772170273],[0.0007113579074640708,0.987180957567231,0.012107684525304857],[3.9464912641575803e-7,0.9995801675102023,0.0004194378406712912],[2.5556037207517477e-10,0.9998015338651824,0.00019846587925714693],[2.808870022945811e-14,0.9998799012026379,0.00012009879733397287],[1.5936312391728836e-5,0.9893758531259744,0.010608210561633817],[7.159104405598277e-10,0.9999614263207115,3.8572963378104934e-5],[2.6214851083094354e-5,0.9898962784394161,0.010077506709500647],[0.12337783022473567,0.8273925203777807,0.04922964939748385],[0.07215572911588108,0.7870016634668887,0.14084260741723023],[1.1140798188422807e-7,0.989312853905794,0.010687034686223992],[0.0038347756749854914,0.9790306645881962,0.0171345597368185],[7.976819035820572e-12,0.9999770412542892,2.2958737734095997e-5],[1.7046456230520098e-5,0.9962439660452819,0.003738987498487771],[3.254198516775675e-14,0.9999572828551543,4.271714481316548e-5],[2.8435730586127814e-5,0.9832170108668415,0.01675455340257244],[3.918623579978158e-9,0.9993134955571761,0.0006865005242004052],[1.441898692031069e-6,0.9619080747619777,0.03809048333933032],[0.04834874543336539,0.0015739534491882507,0.9500773011174463],[2.6226066760825317e-6,0.007748576192044679,0.9922488012012792],[0.2450155387994391,1.0906928034325128e-6,0.7549833705077575],[2.3019431440644378e-5,0.015749663031491737,0.9842273175370677],[0.03853305922592387,0.002575069013151313,0.9588918717609247],[0.04853610192440461,4.414979136547374e-5,0.9514197482842299],[5.149088118604081e-6,0.057771754904498464,0.942223096007383],[0.12126125471935989,0.0005790006766435968,0.8781597446039966],[5.538651640863893e-5,0.07215801790493531,0.9277865955786561],[0.0001236185988324412,0.011339821171564318,0.9885365602296032],[8.753731786435841e-10,9.619097897855467e-7,0.999999037214837],[0.06631791834163463,0.0005782882259897661,0.9331037934323756],[0.0008119088336631843,0.00503317630897292,0.994154914857364],[0.9591624889174171,4.1672841306753453e-7,0.04083709435416986],[0.0034158678787348028,0.0007690373493621829,0.995815094771903],[0.8420904045052386,3.13580358138717e-5,0.15787823745894747],[0.00011860402301340301,0.0015283434564229783,0.9983530525205636],[0.027595952055883017,0.006869207394623057,0.9655348405494939],[8.323576611097102e-6,0.008695101973680442,0.9912965744497085],[0.0002907479802416027,0.05274303136435183,0.9469662206554067],[0.06040205542013802,0.0009578030681228867,0.938640141511739],[6.827826459745853e-7,0.2681764339654298,0.7318228832519243],[1.2725046557412502e-7,0.040380066498616335,0.959619806250918],[0.9229687805762555,1.642191069576645e-5,0.0770147975130486],[0.00038377654310204083,0.004681840265026109,0.9949343831918719],[0.00591948886227378,0.0431163886461837,0.9509641224915425],[0.008132606536621746,0.006234345905671827,0.9856330475577065],[0.028679487475057126,0.0015266850959765182,0.9697938274289664],[2.152773125275301e-7,0.24528596973184374,0.7547138149908437],[2.5838415033761657e-5,0.8762385860310391,0.123735575553927],[0.11060564093875111,0.00012547709394184706,0.889268881967307],[5.4121628831791494e-5,0.006367009096189488,0.9935788692749787],[0.11089961252437679,0.011830311683351646,0.8772700757922716],[5.4121628831791494e-5,0.006367009096189488,0.9935788692749787],[3.47720181802396e-5,0.06911808958626592,0.9308471383955538],[0.00034763650655869274,0.0003714938997765723,0.9992808695936647],[8.635000769623068e-6,0.947559719516787,0.05243164548244337],[5.1697332132681956e-5,6.639819308097318e-5,0.9998819044747863],[0.00023706093287548819,0.0197505847869805,0.980012354280144],[0.0025508919041920754,0.040030044175439636,0.9574190639203682],[1.3509479763837641e-5,0.06328087883365027,0.9367056116865858],[0.1169387690970126,0.0026430920560742885,0.880418138846913],[0.9229687805762555,1.642191069576645e-5,0.0770147975130486],[5.999806566434153e-6,0.008416384744400884,0.9915776154490327],[0.2364136531617609,0.0009003694968466162,0.7626859773413924],[0.0002395683016813848,0.19598041316232548,0.8037800185359932],[7.516749385718695e-5,0.11651424544628966,0.8834105870598532],[0.043658395267202284,0.00034152688729563544,0.9560000778455021],[2.486702395597436e-9,0.35660922261639494,0.6433907748969027],[0.0005495979454686589,0.0017757342735193775,0.9976746677810119],[0.00012877022627678458,0.018623628708434092,0.9812476010652891]]\n",
    "val_probs = [[0.9988908959030941,1.531546777379998e-8,0.0011090887814380892],[0.9999656428043527,2.8636041944834064e-9,3.4354332043020714e-5],[0.9905820422414428,2.414256995634321e-6,0.009415543501561565],[0.9961925922867825,1.7517133103307942e-6,0.0038056559999071573],[0.9976356802926624,3.121636600149576e-6,0.002361198070737409],[0.9698788752635964,1.8757959505841608e-7,0.030120937156808386],[0.9102627148227296,0.00014446219838261414,0.08959282297888782],[0.9965327618257745,5.779776258911735e-7,0.0034666601965994605],[0.9930940229340097,3.0272977137560865e-6,0.006902949768276436],[0.8303934327234134,0.020586369983359807,0.14902019729322685],[0.9980614347334922,3.3847851156951525e-7,0.0019382267879963135],[0.9811812314583138,9.52572154740572e-5,0.018723511326212108],[0.9995125630409349,5.663149820224871e-8,0.00048738032756705804],[0.9998402509703008,1.2030736155885486e-8,0.00015973699896288738],[0.9998098863096917,3.020958831493286e-7,0.00018981159442528256],[0.9999671762516017,5.8227681146588645e-8,3.276552071717837e-5],[0.9904242450015637,0.0002265690556132994,0.009349185942822939],[0.9790521317713697,3.83972108879708e-5,0.02090947101774226],[0.999686891455028,2.2471060739537457e-8,0.00031308607391149955],[0.8932425259593992,0.0012560661992256491,0.10550140784137507],[0.9997279020211297,9.18602275537995e-8,0.0002720061186425719],[0.9993277303969189,1.6184031443774402e-6,0.0006706511999366226],[0.9996089331794371,3.5603930742627005e-7,0.00039071078125539637],[0.9999715491202603,4.006448667773619e-9,2.8446873290980523e-5],[0.999819687924457,6.265921872037766e-8,0.0001802494163242394],[0.9987631507282687,1.7166701427621993e-6,0.001235132601588451],[0.7648759617953472,0.000567919641566997,0.23455611856308567],[0.878424300973434,0.04762862001035871,0.07394707901620722],[0.9990558716294561,1.3373821872314665e-6,0.0009427909883567468],[0.6543753706212029,0.009560396319434308,0.3360642330593629],[0.9969951857716102,0.00020191228802879762,0.00280290194036104],[0.7915113698809411,0.0037556304960013427,0.20473299962305752],[0.998275760468108,0.00018968535093932243,0.0015345541809526435],[0.9787819154456582,1.4089497201896752e-5,0.02120399505713971],[0.999819687924457,6.265921872037766e-8,0.0001802494163242394],[0.8620259084864926,0.03828627992886773,0.09968781158463977],[0.9766290997027878,2.5578811874412488e-5,0.023345321485337807],[0.987448427310526,6.57123255616548e-5,0.012485860363912412],[0.9999888889507982,7.589316051188374e-9,1.1103459885653642e-5],[0.9965383866657563,4.435150672355855e-6,0.0034571781835711314],[0.9998464946167456,5.393866420580914e-8,0.00015345144459021014],[0.0006107029500552762,0.9428207402355132,0.05656855681443135],[3.866987979846684e-5,0.8807791146195642,0.11918221550063735],[9.617510217467876e-6,0.9888118545935365,0.011178527896246168],[2.8926838576898262e-6,0.9984008522574307,0.0015962550587116952],[2.6214851083094354e-5,0.9898962784394161,0.010077506709500647],[0.0001204376490503526,0.9756946361055447,0.024184926245405018],[4.833877572854919e-5,0.9904864586367391,0.009465202587532237],[6.154743933480138e-5,0.9907034074033665,0.0092350451572988],[2.3959828298788803e-7,0.9995578914088855,0.00044186899283157964],[0.07265708487841617,0.8384474186622072,0.08889549645937653],[1.4699599184649033e-17,0.9998949254020474,0.00010507459795263923],[0.00994636940258866,0.9745047423383012,0.015548888259110159],[0.00010565300215622939,0.7421093351883645,0.25778501180947927],[3.8665972889127953e-7,0.9906526418218187,0.009346971518452355],[0.0021787213114727606,0.9161229044191294,0.08169837426939791],[0.0005761149640211163,0.9068224950127349,0.092601390023244],[1.2242158884834318e-5,0.9991645517780395,0.0008232060630758227],[0.07979440220572291,0.7817515368330158,0.13845406096126123],[1.227002796970539e-9,0.999721198773954,0.00027879999904339883],[1.6610909626504653e-6,0.9993946200126103,0.0006037188964271046],[0.00017724422574923673,0.9859130119199534,0.013909743854297349],[1.4387785529413784e-9,0.9995421813345706,0.0004578172266510343],[4.73808962916118e-6,0.9928271735155167,0.007168088394854268],[1.3576686361453435e-7,0.9992154855481953,0.0007843786849411207],[1.6978525868466707e-6,0.9997816590528424,0.00021664309457064207],[7.549525154509565e-6,0.9468428725294183,0.05314957794542715],[6.954175116015918e-5,0.9574339195312292,0.042496538717610714],[0.001426856681904328,0.9670775148407388,0.031495628477356735],[0.00023404822189190393,0.9980486974407456,0.0017172543373622882],[1.1195021123236333e-8,0.9951420063577454,0.00485798244723344],[6.125408509935135e-5,0.9568986723524414,0.043040073562459216],[1.908147094114052e-6,0.997202366690298,0.0027957251626078974],[2.1934155588696743e-10,0.999878893185841,0.00012110659481754938],[5.072758441630321e-7,0.9909201944962239,0.00907929822793188],[0.0008746869060246477,0.21679486211835802,0.7823304509756174],[2.938903272102308e-7,0.9979699961558266,0.0020297099538462873],[2.7631356419302514e-10,0.995640466097172,0.00435953362651452],[0.00014430203944457615,0.8337051570184417,0.16615054094211362],[1.5570119262948484e-10,0.9999725514135289,2.744843076976787e-5],[3.4572135423525586e-8,0.9994575357503998,0.000542429677464899],[2.6214851083094354e-5,0.9898962784394161,0.010077506709500647],[0.001008396868365211,0.9664000053222994,0.03259159780933514],[0.00021859133432932767,0.007299504122236337,0.9924819045434343],[3.929847775896641e-5,0.0013700924129804385,0.9985906091092606],[0.24358765206746746,0.0001944731350127631,0.7562178747975198],[0.12678965547295887,0.031287174549902944,0.8419231699771382],[2.5749085612409913e-5,0.00972384864588784,0.9902504022684998],[0.06750813175193926,0.007185967357618113,0.9253059008904426],[1.8643347232547495e-5,0.00210497270774209,0.9978763839450254],[6.350974319474559e-5,0.04574155525954671,0.9541949349972585],[0.9857673673275061,3.524061594040305e-6,0.014229108610899861],[1.8395605956112926e-5,0.1586754165368724,0.8413061878571716],[3.597368333296089e-7,0.8171562490543347,0.18284339120883206],[2.9267505084553395e-5,0.1650137306881133,0.8349570018068021],[0.11965848662300013,0.004363047549600328,0.8759784658273996],[2.184377720966952e-6,0.40662530163996063,0.5933725139823184],[0.09690632856821323,0.00721634433461698,0.8958773270971698],[0.3777035013759108,0.1480525347314782,0.4742439638926109],[2.0973438089932485e-6,0.8440465890671357,0.15595131358905517]]\n",
    "train_species = [1,1,1,1,1,1,1,1,1,1,1,1,1,1,1,1,1,1,1,1,1,1,1,1,1,1,1,1,1,1,1,1,1,1,1,1,1,1,1,1,1,1,1,1,1,1,1,1,1,1,1,1,1,1,1,1,1,1,1,1,1,1,1,1,1,1,1,1,1,1,1,1,1,1,1,1,1,1,1,1,1,1,1,1,1,1,1,1,1,1,1,1,1,1,1,1,1,1,1,1,1,1,1,1,1,2,2,2,2,2,2,2,2,2,2,2,2,2,2,2,2,2,2,2,2,2,2,2,2,2,2,2,2,2,2,2,2,2,2,2,2,2,2,2,2,2,2,2,2,2,2,2,2,2,2,2,2,2,2,2,2,2,2,2,2,2,2,2,2,2,2,2,2,2,2,2,2,2,2,2,2,2,3,3,3,3,3,3,3,3,3,3,3,3,3,3,3,3,3,3,3,3,3,3,3,3,3,3,3,3,3,3,3,3,3,3,3,3,3,3,3,3,3,3,3,3,3,3,3,3,3,3,3]\n",
    "val_species = [1,1,1,1,1,1,1,1,1,1,1,1,1,1,1,1,1,1,1,1,1,1,1,1,1,1,1,1,1,1,1,1,1,1,1,1,1,1,1,1,1,2,2,2,2,2,2,2,2,2,2,2,2,2,2,2,2,2,2,2,2,2,2,2,2,2,2,2,2,2,2,2,2,2,2,2,2,2,2,2,2,2,2,3,3,3,3,3,3,3,3,3,3,3,3,3,3,3,3,3]\n",
    "train_probs = np.array(train_probs)\n",
    "train_species = np.array(train_species)\n",
    "val_probs = np.array(val_probs)\n",
    "val_species = np.array(val_species)"
   ]
  },
  {
   "cell_type": "code",
   "execution_count": null,
   "id": "c651e894",
   "metadata": {},
   "outputs": [],
   "source": []
  },
  {
   "cell_type": "code",
   "execution_count": null,
   "id": "a25ec5aa",
   "metadata": {},
   "outputs": [],
   "source": []
  },
  {
   "cell_type": "code",
   "execution_count": null,
   "id": "f77341f5",
   "metadata": {},
   "outputs": [],
   "source": []
  },
  {
   "cell_type": "code",
   "execution_count": null,
   "id": "446c0f99",
   "metadata": {},
   "outputs": [],
   "source": []
  },
  {
   "cell_type": "code",
   "execution_count": null,
   "id": "a6c0df4e",
   "metadata": {},
   "outputs": [],
   "source": []
  }
 ],
 "metadata": {
  "kernelspec": {
   "display_name": "Python 3",
   "language": "python",
   "name": "python3"
  },
  "language_info": {
   "codemirror_mode": {
    "name": "ipython",
    "version": 3
   },
   "file_extension": ".py",
   "mimetype": "text/x-python",
   "name": "python",
   "nbconvert_exporter": "python",
   "pygments_lexer": "ipython3",
   "version": "3.6.13"
  }
 },
 "nbformat": 4,
 "nbformat_minor": 5
}
